20160104 4778796.0

20160103 4531210.0

20161229 4233607.0

20161228 4827120.0

20161227 4846483.0

20161226 4678812.0

20161223 4433732.0

20161222 4558395.0

20161221 4784408.0

20161220 4650335.0

20161219 4530604.0

20161216 4239598.0

20161215 4264871.0

20161214 3738927.0

20161213 3885264.0

20161212 3955053.0

20161209 3824768.0

20161208 3772390.0

20161207 3527377.0

20161206 3738426.0

20161205 3614190.0

20161202 3391070.0

20161201 3321194.0

20161130 3180673.0

20161129 3201887.0

20161128 3013395.0

20161125 2991007.0

20161124 2885672.0

20161123 2903755.0

20161122 2827561.0

20161121 2691590.0

20161118 2547324.0

20161117 2522301.0

20161116 2469444.0

20161115 2399464.0

20161114 2461986.0

20161111 2450732.0

20161110 2258699.0

20161109 2320019.0

20161108 2189739.0

20161107 2215491.0

20161103 2125057.0

20161102 2003697.0

20161101 1965832.0

20161031 2008471.0

20161028 2008038.0

20161027 1894769.0

20161026 1812586.0

20161025 1868194.0

20161024 1867758.0

20161021 1652491.0

20161020 1597816.0

20161019 1540167.0

20161018 1550020.0

20161017 1466429.0

20161014 1574898.0

20161013 1435722.0

20161012 1439291.0

20160930 1338792.0

20160929 5526770.0

20160928 1337188.0

20160927 1323384.0

20160926 1237053.0

20160923 1207912.0

20160922 1148600.0

20160921 1118519.0

20160920 1100949.0

20160919 1070536.0

20160914 1071929.0

20160913 1051937.0

20160912 1039655.0

20160909 952656.0

20160908 830156.0

20160907 976200.0

20160906 891597.0

20160905 923472.0

20160902 1002140.0

20160901 798408.0

20160831 835126.0

20160830 869900.0

20160829 868332.0

20160826 825218.0

20160825 782376.0

20160824 748056.0

20160823 686017.0

20160819 572617.0

20160818 714015.0

20160817 667509.0

20160816 890567.0

20160815 716337.0

20160812 790714.0

20160811 722092.0

20160810 584868.0

20160809 532506.0

20160808 547687.0

20160805 536847.0

20160804 552535.0

20160803 533658.0

20160802 532102.0

20160801 505701.0

20160729 572232.0

201607028 568336.0

201607027 454773.0

201607026 281474.0

201607025 264355.0

201607022 195278.0

201607021 (CNY All)

201607020 (CNY All)

201607019 (CNY All)

201607018 (CNY All)

201607015 (CNY All)

201607014 (CNY All)

201607013 (CNY All)

201607012 (CNY All)

201607011 (CNY All)

20160708 (CNY All)

20160707 (CNY All)

20160706 (CNY All)

20160705 (CNY All)

20160704 (CNY All)

20160701 (CNY All)

20160630 (CNY All)

20160629 (CNY All)

20160628 (CNY All)

20160627 (CNY All)

20160624 (CNY All)

20160623 (CNY All)

20160621 (CNY All)

20160620 (CNY All)

20160617 (CNY All)

20160616 (CNY All)

20160615 (CNY All)

20160614 (CNY All)

20160613 (CNY All)

20160608 (CNY All)

20160607 (CNY All)

20160606 (CNY All)

20160603 (CNY All)

20160602 (CNY All)

20160601 (CNY All)

20160531 (CNY All)

20160530 (CNY All)

20160527 (CNY All)

20160526 (CNY All)

20160525 (CNY All)

20160524 (CNY All)

20160523 (CNY All)

20160520 (CNY All)

20160519 (CNY All)

20160518 (CNY All)

20160517 (CNY All)

20160516 (CNY All)

20160513 (CNY All)

20160512 (CNY All)

20160511 (CNY All)

20160510 (CNY All)

20160509 (CNY All)

20160506 (CNY All)

20160505 (CNY All)

20160504 (CNY All)

20160503 0

